4907000 4200
4900000 12900
4830000 6862
4760000 6321
4690000 6000
4655000 3745
4585000 4000
4550000 3640
4550000 2550
4543000 4990
4515000 3520
4480000 4000
4480000 8250
4473000 6360
4473000 3162
4340000 4500
4340000 3500
4319000 4032
4270000 6360
4270000 4500
4270000 4360
4270000 7770
4235000 2787
4200000 7000
4200000 4500
4098500 3600
4060000 4320
4025000 3460
3990000 3960
3920000 7260
3920000 3290
3920000 3816
3885000 3180
3850000 7152
3780000 2856
3780000 8400
3773000 8250
3773000 2520
3773000 6930
3710000 4050
3703000 5450
3675000 3630
3675000 3600
3640000 3000
3570000 3150
3570000 4500
3570000 4500
3500000 5900
3465000 2145
3430000 2145
3395000 4785
3395000 3640
3360000 3185
3353000 2700
3332000 2145
3290000 6060
3290000 2145
3220000 3120
3150000 3450
3010000 4600
2940000 2700
2835000 2640
2800000 3960
2590000 3600
2520000 3000
2380000 2475
2380000 2787
1750000 2910